BEST_Z=461.000000, ELAPSED_SEC=4902.412
BEST_Z=461.000000, ELAPSED_SEC=4901.689
