[Station FCFS Queue]

=== Station 0 ===
Seq | TaskID | SubTask | Arrive | Start | End | Wait | PickDur | ExtraDur | TotalDur | NoiseCnt
  1 |      8 |       0 | 247.00 | 247.00 | 262.00 | 0.00 |   15.00 |     0.00 |    15.00 |        0
  2 |     19 |      11 | 247.00 | 262.00 | 280.00 | 15.00 |   18.00 |     0.00 |    18.00 |        0

=== Station 1 ===
Seq | TaskID | SubTask | Arrive | Start | End | Wait | PickDur | ExtraDur | TotalDur | NoiseCnt
  1 |      9 |       1 | 298.00 | 298.00 | 304.00 | 0.00 |    6.00 |     0.00 |     6.00 |        0
  2 |     10 |       1 | 298.00 | 304.00 | 307.00 | 6.00 |    3.00 |     0.00 |     3.00 |        0
  3 |     15 |       8 | 232.00 | 307.00 | 310.00 | 75.00 |    3.00 |     0.00 |     3.00 |        0
  4 |     16 |       9 | 298.00 | 310.00 | 325.00 | 12.00 |   15.00 |     0.00 |    15.00 |        0
  5 |     17 |       9 | 298.00 | 325.00 | 328.00 | 27.00 |    3.00 |     0.00 |     3.00 |        0
  6 |     14 |      12 | 241.00 | 328.00 | 336.00 | 87.00 |    6.00 |     2.00 |     8.00 |        1

=== Station 2 ===
Seq | TaskID | SubTask | Arrive | Start | End | Wait | PickDur | ExtraDur | TotalDur | NoiseCnt
  1 |     18 |       2 | 161.00 | 161.00 | 183.00 | 0.00 |   18.00 |     4.00 |    22.00 |        2
  2 |     11 |      10 | 199.00 | 199.00 | 202.00 | 0.00 |    3.00 |     0.00 |     3.00 |        0

=== Station 3 ===
Seq | TaskID | SubTask | Arrive | Start | End | Wait | PickDur | ExtraDur | TotalDur | NoiseCnt
  1 |      4 |       3 | 267.00 | 267.00 | 270.00 | 0.00 |    3.00 |     0.00 |     3.00 |        0
  2 |      5 |       3 | 267.00 | 270.00 | 273.00 | 3.00 |    3.00 |     0.00 |     3.00 |        0
  3 |      2 |       7 | 145.00 | 273.00 | 276.00 | 128.00 |    3.00 |     0.00 |     3.00 |        0
  4 |      3 |       7 | 145.00 | 276.00 | 279.00 | 131.00 |    3.00 |     0.00 |     3.00 |        0
  5 |      0 |       7 | 183.00 | 279.00 | 285.00 | 96.00 |    6.00 |     0.00 |     6.00 |        0
  6 |      1 |       7 | 183.00 | 285.00 | 291.00 | 102.00 |    6.00 |     0.00 |     6.00 |        0

=== Station 4 ===
Seq | TaskID | SubTask | Arrive | Start | End | Wait | PickDur | ExtraDur | TotalDur | NoiseCnt
  1 |      6 |       4 |  78.00 | 78.00 | 99.00 | 0.00 |   15.00 |     6.00 |    21.00 |        3
  2 |      7 |       4 | 252.00 | 252.00 | 255.00 | 0.00 |    3.00 |     0.00 |     3.00 |        0

=== Station 5 ===
Seq | TaskID | SubTask | Arrive | Start | End | Wait | PickDur | ExtraDur | TotalDur | NoiseCnt
  1 |     13 |       5 | 153.00 | 153.00 | 156.00 | 0.00 |    3.00 |     0.00 |     3.00 |        0
  2 |     12 |       6 | 153.00 | 156.00 | 165.00 | 3.00 |    9.00 |     0.00 |     9.00 |        0
