[Station FCFS Queue]

=== Station 0 ===
Seq | TaskID | SubTask | Arrive | Start | End | Wait | PickDur | ExtraDur | TotalDur | NoiseCnt
  1 |      2 |       6 | 208.00 | 208.00 | 227.00 | 0.00 |   15.00 |     4.00 |    19.00 |        2
  2 |      3 |       6 | 208.00 | 227.00 | 230.00 | 19.00 |    3.00 |     0.00 |     3.00 |        0

=== Station 1 ===
Seq | TaskID | SubTask | Arrive | Start | End | Wait | PickDur | ExtraDur | TotalDur | NoiseCnt
  1 |      0 |       1 | 209.00 | 209.00 | 224.00 | 0.00 |   15.00 |     0.00 |    15.00 |        0
  2 |      1 |       1 | 209.00 | 224.00 | 227.00 | 15.00 |    3.00 |     0.00 |     3.00 |        0
  3 |     11 |       9 | 209.00 | 227.00 | 230.00 | 18.00 |    3.00 |     0.00 |     3.00 |        0
  4 |     12 |       9 | 209.00 | 230.00 | 233.00 | 21.00 |    3.00 |     0.00 |     3.00 |        0

=== Station 2 ===
Seq | TaskID | SubTask | Arrive | Start | End | Wait | PickDur | ExtraDur | TotalDur | NoiseCnt
  1 |      4 |       2 | 175.00 | 175.00 | 184.00 | 0.00 |    9.00 |     0.00 |     9.00 |        0
  2 |      5 |       2 | 175.00 | 184.00 | 187.00 | 9.00 |    3.00 |     0.00 |     3.00 |        0
  3 |      6 |       7 | 175.00 | 187.00 | 190.00 | 12.00 |    3.00 |     0.00 |     3.00 |        0
  4 |     15 |       8 | 117.00 | 190.00 | 216.00 | 73.00 |   18.00 |     8.00 |    26.00 |        4

=== Station 3 ===
Seq | TaskID | SubTask | Arrive | Start | End | Wait | PickDur | ExtraDur | TotalDur | NoiseCnt
  1 |     13 |       3 | 156.00 | 156.00 | 171.00 | 0.00 |   15.00 |     0.00 |    15.00 |        0
  2 |     14 |       3 | 156.00 | 171.00 | 174.00 | 15.00 |    3.00 |     0.00 |     3.00 |        0

=== Station 4 ===
Seq | TaskID | SubTask | Arrive | Start | End | Wait | PickDur | ExtraDur | TotalDur | NoiseCnt
  1 |      9 |       4 | 152.00 | 152.00 | 155.00 | 0.00 |    3.00 |     0.00 |     3.00 |        0
  2 |     10 |       4 | 152.00 | 155.00 | 158.00 | 3.00 |    3.00 |     0.00 |     3.00 |        0
  3 |      7 |       5 | 135.00 | 158.00 | 172.00 | 23.00 |   12.00 |     2.00 |    14.00 |        1
  4 |      8 |       5 | 135.00 | 172.00 | 175.00 | 37.00 |    3.00 |     0.00 |     3.00 |        0
  5 |     16 |       0 | 135.00 | 175.00 | 184.00 | 40.00 |    9.00 |     0.00 |     9.00 |        0
